(((((ENSTRUG:0.316743,ENSTNIG:0.374798)N7:0.115272,
ENSGACG:0.371953)N6:0.0399096,((ENSXMAG:0.383147,
ENSORLG:0.463319)N5:0.0409503,ENSONIG:0.229998)
N4:0.0822445)N3:0.2309,(ENSDARG:0.380238,
ENSAMXG:0.491143)N2:0.201518)N1:0.484452,
ENSLOCG:0.1)N0
